parametrs[
	particles: 30
	x_max: 66.8
	x_min: 0
	y_max: 66.8
	y_min: 0
	z_max: 6.68
	z_min: 0
	mass: 20.00e-13
	rho0: 1000.0
	time_step: 20.0e-06
]
model[
	position[
		4.93228 6.10959 1.04806 1
		6.26289 4.35983 1.49738 1
		2.32405 1.16141 1.25539 1
		7.47425 0.725755 6.01438 1
		9.85925 5.17243 6.59213 1
		8.02978 5.69656 6.45086 1
		17.9512 5.78626 2.56338 1
		18.5597 3.78351 5.78117 1
		14.3516 5.19139 4.24077 1
		22.7273 1.62744 2.27532 1
		20.4053 1.45029 6.04415 1
		23.8488 5.42012 0.111513 1
		27.8461 1.38423 5.41136 1
		32.875 5.41951 5.44928 1
		29.7896 2.1263 0.519037 1
		34.613 3.69075 6.49183 1
		33.7119 2.68611 3.39718 1
		37.5433 0.415678 5.28435 1
		45.7364 1.76892 4.53332 1
		43.2122 6.24271 4.71516 1
		40.9586 5.32736 5.27762 1
		53.2155 2.93136 5.03054 1
		48.3958 0.42689 2.8174 1
		50.7072 4.1317 3.2239 1
		57.6227 5.87963 1.68187 1
		58.2971 1.42297 4.02019 1
		57.9378 4.17064 5.04134 1
		64.3212 4.67765 3.38679 1
		63.2805 3.46079 0.292544 1
		61.429 1.35549 2.4749 1
	]
	velocity[
		0 0 0 1
		0 0 0 1
		0 0 0 1
		0 0 0 1
		0 0 0 1
		0 0 0 1
		0 0 0 1
		0 0 0 1
		0 0 0 1
		0 0 0 1
		0 0 0 1
		0 0 0 1
		0 0 0 1
		0 0 0 1
		0 0 0 1
		0 0 0 1
		0 0 0 1
		0 0 0 1
		0 0 0 1
		0 0 0 1
		0 0 0 1
		0 0 0 1
		0 0 0 1
		0 0 0 1
		0 0 0 1
		0 0 0 1
		0 0 0 1
		0 0 0 1
		0 0 0 1
		0 0 0 1
	]
]